"row"	"baseMean"	"log2FoldChange"	"lfcSE"	"stat"	"pvalue"	"padj"
"TK2298"	2292.17585589636	6.31875230289722	0.473431167075004	13.3467180497142	1.23783447869646e-40	2.7269493565683e-37
"TK2299"	741.418409111814	5.84560379603924	0.501177099677193	11.6637488021787	1.95252349888541e-31	2.15070463402227e-28
"TK0427"	2118.02695344799	5.77694942038432	0.498080857691958	11.5984168657955	4.19771654812632e-31	3.08252318517409e-28
"TK1463"	10706.4538148033	4.84350755941504	0.432591216344478	11.1965000129778	4.24161914808962e-29	2.33607174581036e-26
"TK1818"	958.434333751994	6.34205461206297	0.585117970787749	10.8389332214914	2.25080276198481e-27	9.91703696930505e-25
"TK2072"	4250.16836438621	5.3855628703334	0.50835748012456	10.5940466716725	3.17560036385349e-26	1.16597460026154e-23
"TK0426"	3919.10198061925	5.57327426199404	0.528122756415091	10.5529901794529	4.92057156440436e-26	1.54857416519754e-23
"TK0717"	1031.81438674499	4.81240999928513	0.462615120942165	10.4026214912391	2.41204426417036e-25	6.64216689245913e-23
"TK2071"	3295.89504992838	5.03557729046588	0.486644216662551	10.347553958414	4.29314029633201e-25	1.05086534142438e-22
"TK0166"	5107.69256576931	4.86882264550748	0.472768028630287	10.2985446363908	7.15353399143826e-25	1.57592353831385e-22
"TK0165"	2236.21997340259	5.26668020770729	0.523697103355061	10.0567296896743	8.5801258590626e-24	1.71836520613772e-21
"TK0706"	9455.59753236273	4.47608356464365	0.460884777578587	9.71193622006842	2.68193290406225e-22	4.92358182304094e-20
"TK0164"	2925.96314994113	4.97440255859509	0.518726052569718	9.58965244554885	8.83822257753635e-22	1.49773879525481e-19
"TK0161"	640.025875558528	5.73792959189657	0.599083554233505	9.57784527942507	9.90905743258391e-22	1.55926096599874e-19
"TK0163"	703.848022867473	5.36897151722975	0.570083079375507	9.41787558948626	4.60306659010402e-21	6.76037046533277e-19
"TK2070"	2015.14494506233	4.70637818330361	0.504325284504775	9.33202900569433	1.03863247017813e-20	1.43006708237652e-18
"TK1974"	2944.24219608436	4.1519303819462	0.446535053396202	9.29810627490036	1.42969292246672e-20	1.85271382834952e-18
"TK0675"	970.647415557106	5.36216137094585	0.579437254544683	9.25408459481847	2.16073904462489e-20	2.6445045085048e-18
"TK0718"	658.294093345143	4.50911779660369	0.487848759812989	9.24286001737958	2.39994861435982e-20	2.78267726180772e-18
"TK0708"	1272.24757651163	4.21637068432336	0.461893502679052	9.12844770465005	6.94884729543163e-20	7.65415529591794e-18
"TK0707"	1197.60685901555	4.04925299507486	0.453314097476381	8.93255475092707	4.16282248125455e-19	4.36699901247798e-17
"TK0442"	950.955452095453	5.0419972373072	0.568682821543657	8.86609731523275	7.57542733636333e-19	7.58575746454928e-17
"TK0709"	1225.57424785447	4.0073331287359	0.460196101096832	8.70788152960186	3.09606649632239e-18	2.96549325712967e-16
"TK0719"	1075.00678129949	4.35165048158197	0.506818376731092	8.58621289474449	8.98830417627046e-18	8.25051420846826e-16
"TK1577"	5388.81945400567	4.21546188372067	0.49676133233232	8.48588972078173	2.14074394160579e-17	1.88642356134302e-15
"TK1578"	2802.65166840862	4.01230309542628	0.48909712129823	8.20348949259047	2.33508077179809e-16	1.97853190010431e-14
"TK2069"	2286.94873122664	3.635778710467	0.446094023636657	8.15025200478439	3.63166672084788e-16	2.96317103186218e-14
"TK1304"	961.678968424235	3.84712502095821	0.479304001690213	8.02648216453805	1.00307408464117e-15	7.61990416711895e-14
"TK1579"	3300.27188240462	4.07702723150016	0.507888988779538	8.02739835194557	9.95613991017486e-16	7.61990416711895e-14
"TK1025"	6106.28246751524	3.82571252977901	0.478155408702025	8.00098139674732	1.23431437828071e-15	9.06398191784135e-14
"TK0676"	2601.68406827763	3.73875359688301	0.472591986543449	7.91116587530052	2.5498950519994e-15	1.81207058050151e-13
"TK0443"	797.188998220227	3.82124469475903	0.484689512041817	7.88390216792921	3.1731275202917e-15	2.18449997725082e-13
"TK0828"	1840.20780905277	3.76859356642312	0.479144596714936	7.86525318716099	3.68351675861874e-15	2.4590264906779e-13
"TK1024"	7881.94494474448	3.54382380274946	0.458274782701866	7.73296706804598	1.05068484362799e-14	6.80781973680134e-13
"TK0122"	798.441278767438	4.22514405994024	0.548031993319199	7.70966679217087	1.26146658692643e-14	7.9400311171398e-13
"TK1997"	6842.06225940871	3.28497077523305	0.430566749852047	7.62941118040777	2.35828342215947e-14	1.44313843861592e-12
"TK0162"	248.369042297058	4.85672428044047	0.642495828141975	7.55915302125083	4.05702398614483e-14	2.41557401121002e-12
"TK2073"	1633.30303894008	3.5340179089177	0.468364448276507	7.5454444117657	4.50747746462544e-14	2.61315075120259e-12
"TK2080"	1239.78320402545	3.93638990998084	0.522326028308135	7.53626987100604	4.83605242221018e-14	2.73174961182795e-12
"TK0865"	6267.31323181493	4.58121482545423	0.609640813019145	7.51461307645485	5.70794953530874e-14	3.14365320657129e-12
"TK0119"	1021.41880428071	4.65613418089441	0.622437758710665	7.48048156740886	7.40507544935748e-14	3.9788734670572e-12
"TK1613"	984.162670320204	3.73600733696442	0.501721079149989	7.44638304472663	9.59340047627864e-14	5.0319669641052e-12
"TK2114"	15021.9453257974	3.88224892057234	0.533723884751104	7.2738901733483	3.49279991346156e-13	1.78945074636182e-11
"TK2188"	506.747641587645	-4.84803992801197	0.67591094518561	-7.17260160165133	7.35857645905493e-13	3.68430544074955e-11
"TK0120"	280.066454936986	4.9715790408542	0.71161167905949	6.98636515834724	2.82099270755277e-12	1.38103265216417e-10
"TK2083"	561.502852613128	3.52460270561205	0.506415707688893	6.95990004278723	3.40514254206928e-12	1.6307671782997e-10
"TK1614"	242.267808314306	4.08930125583086	0.591211245739316	6.91681913241881	4.61897184830443e-12	2.16502020889673e-10
"TK1289"	3646.40324315776	-3.26232004568583	0.474569299199267	-6.87427537177455	6.2305750176279e-12	2.8595743257988e-10
"TK0720"	155.690520077916	4.01828592160775	0.587734526893764	6.83690635437872	8.09215994898089e-12	3.63816905461324e-10
"TK2081"	350.309494093047	3.45616353544455	0.510020323749526	6.77652119828442	1.23104006150786e-11	5.42396251100363e-10
"TK1462"	341.501103775395	4.05001770572633	0.605589005811874	6.6877332099131	2.26653846036386e-11	9.68611358594684e-10
"TK2000"	3026.76054757125	2.97934792909825	0.445579227390227	6.68646055730288	2.28632731034605e-11	9.68611358594684e-10
"TK0710"	2626.8277900662	3.51587390251359	0.535219226890756	6.56903512778927	5.06423375586533e-11	2.10500131399459e-09
"TK2084"	768.48351251225	3.39815860172285	0.522651733341142	6.50176472198712	7.93831903807154e-11	3.23854015571696e-09
"TK0751"	573.370900355098	3.17475163450273	0.489920504579395	6.48013627686048	9.16398106137292e-11	3.67059095967355e-09
"TK1277"	226.533842558637	3.69082094016541	0.576338653609027	6.40391012654369	1.51447281928712e-10	5.85520364470942e-09
"TK2076"	13834.0430910476	2.90302408596602	0.453324058015491	6.40386062604871	1.51496417498156e-10	5.85520364470942e-09
"TK2085"	970.665672870872	3.13102124560344	0.490915342924192	6.37792501442949	1.79503358564628e-10	6.81803273996338e-09
"TK2160"	288.799539761676	3.76526276196991	0.591526526080052	6.36533206198154	1.94867684546908e-10	7.2761611704549e-09
"TK2074"	5614.08671652859	2.78942740584359	0.443247859554115	6.29315482459321	3.11077785992674e-10	1.14217393756977e-08
"TK2082"	596.489435142742	3.37488972868906	0.543266836492157	6.21221378150106	5.22432830662348e-10	1.88675332122812e-08
"TK1612"	1633.99517818703	3.19891654307598	0.520962983096952	6.14039125017959	8.23184748207685e-10	2.92496129080892e-08
"TK1892"	3211.02556653517	2.79753475008484	0.457694138313072	6.11223635154198	9.82445326792307e-10	3.43543976971977e-08
"TK2239"	305.277824708825	3.61491534110027	0.592017845323529	6.10609185120893	1.02100264969014e-09	3.51448255823027e-08
"TK1783"	343.19956194615	2.91122415721565	0.482953226025792	6.02796295859131	1.66039091062502e-09	5.62744796324142e-08
"TK1209"	1349.60681328418	2.78186791265646	0.463968863723989	5.99580732708687	2.02476975406866e-09	6.75843601244434e-08
"TK2161"	892.246171410895	3.01018688331163	0.50320820269886	5.98199088800037	2.20426606502162e-09	7.24775841976512e-08
"TK0015"	6020.70716356904	2.84469196786905	0.477205097179068	5.96115168233755	2.50466333769399e-09	8.11437254844097e-08
"TK0121"	92.8596340370787	4.75052514447167	0.807825799797833	5.88063063306537	4.08706296632869e-09	1.30489850939451e-07
"TK1927"	545.104642977778	-2.89798585998687	0.497489135133086	-5.82522442266324	5.70359022355181e-09	1.79500132321209e-07
"TK2086"	451.752505417831	2.77344145939854	0.476739723574602	5.8175170271175	5.97281796850312e-09	1.85325605417076e-07
"TK0852"	277.036327234569	2.99687176568982	0.515668437947767	5.81162534906466	6.18691808542375e-09	1.89302507530396e-07
"TK0861"	301.615125985378	3.32457814780337	0.573557199921788	5.79641951710608	6.7745673022712e-09	2.04443448861691e-07
"TK0821"	4802.27091511185	4.05289825553389	0.711115337679066	5.69935429709858	1.20262058311417e-08	3.5802339791899e-07
"TK1576"	251.272406603654	3.03714008880348	0.537574146206925	5.64971383060973	1.60715157090428e-08	4.72073988093617e-07
"TK0460"	1439.8449241945	2.72012810220469	0.485590904350628	5.60168668283081	2.12276001041161e-08	6.07329909472309e-07
"TK0705"	3564.18785807083	2.39031757122934	0.426582752430587	5.6034088523499	2.10176662837613e-08	6.07329909472309e-07
"TK1303"	141.837139685077	3.67812598355395	0.661845184015515	5.55738120089988	2.73852248349279e-08	7.73457055273667e-07
"TK0366"	1279.00448799434	2.42404220928159	0.436748669080122	5.55019941878037	2.85343920259528e-08	7.95712223204734e-07
"TK0853"	1339.51311584379	3.01915970368	0.547151394587043	5.51796035530291	3.42956772603699e-08	9.44417212557437e-07
"TK0462"	2099.73292998418	2.51802838986303	0.458061023527768	5.49714614544231	3.85986802821373e-08	1.04978879829072e-06
"TK0526"	560.313178681254	2.54228089502581	0.463569136483671	5.48414614982756	4.15471193497488e-08	1.11619882838411e-06
"TK1740"	920.461871476737	2.56433134978127	0.469168476019756	5.46569405416166	4.61099040088033e-08	1.22385684977583e-06
"TK1679"	653.192432932498	2.73845899472571	0.501491288120521	5.46063124045256	4.74444609468447e-08	1.24428746983213e-06
"TK1481"	22156.0878323307	2.47539983605733	0.453831576845966	5.45444601554797	4.91257562647763e-08	1.27322401236826e-06
"TK1678"	467.528151406803	2.89424991464636	0.532953976397426	5.43058133126322	5.61707725080561e-08	1.43888618413079e-06
"TK1550"	695.911405874788	3.96876917919765	0.731513408966903	5.42542232384043	5.78176697383412e-08	1.44612091791973e-06
"TK2077"	3268.46869286299	2.39750512693043	0.442053493890487	5.42356334711921	5.84224973648916e-08	1.44612091791973e-06
"TK2087"	4394.13685425485	2.79607445972314	0.515326992610467	5.42582573747826	5.76872205526452e-08	1.44612091791973e-06
"TK1750"	846.922960069593	2.48973923807233	0.466019262950296	5.3425672198831	9.16393716049348e-08	2.24312817384079e-06
"TK1582"	271.80149556853	2.83389583694981	0.534544256157121	5.30151770280519	1.14843909312204e-07	2.78023222214051e-06
"TK0463"	2259.2488368516	2.58524487752099	0.490846475114812	5.26691136350991	1.3873815062817e-07	3.28645318100923e-06
"TK2078"	1735.88904378845	2.33582278754561	0.443333093305107	5.2687760575953	1.37336386672595e-07	3.28645318100923e-06
"TK1121"	568.140087252052	4.42939727657507	0.842450526856986	5.25775358358463	1.45825736092672e-07	3.41759677246974e-06
"TK1051"	8955.27533234134	3.23880576923271	0.616374869265053	5.25460386322135	1.48343412715722e-07	3.44000566539723e-06
"TK1316"	1828.61472120922	2.27952091353601	0.434826527840192	5.24236854834621	1.5852832555916e-07	3.63789480423781e-06
"TK2001"	108.043255997482	3.31508843705027	0.632928477392544	5.23769834264267	1.62591526667883e-07	3.69267147679738e-06
"TK2208"	254.170384349033	2.61439766462767	0.499333858197715	5.23577086093064	1.64297682842748e-07	3.69334485002626e-06
"TK2264"	2024.0726069428	2.60850653604925	0.501033279102439	5.20625404508495	1.9269080223218e-07	4.28785694260093e-06
"TK2075"	3867.06218363918	2.37937241736363	0.458664599597578	5.187608591226	2.13011718308764e-07	4.69264815434206e-06
"TK1133"	1145.25041018072	2.26600132546516	0.438309374547902	5.16986735180475	2.34260214808526e-07	5.10965597250676e-06
"TK1394"	84.5694667402672	3.29335874634878	0.640369132239197	5.14290677133796	2.70519884151205e-07	5.7859738328651e-06
"TK1680"	315.871002647057	2.83908795325546	0.552030333105438	5.14299266361725	2.70396185638041e-07	5.7859738328651e-06
"TK1317"	258.760407303463	2.58617218671211	0.50378850439031	5.13344819140311	2.84481365897826e-07	6.02608124108567e-06
"TK1459"	10166.7720623946	3.75924793384217	0.739779927469665	5.08157601234228	3.74316168421941e-07	7.85350970508129e-06
"TK2089"	1985.34819387105	2.53894657939943	0.5085345190188	4.99267303289114	5.95493220170566e-07	1.2376146830526e-05
"TK0862"	80.8689795791947	3.24152641624625	0.650425683811736	4.98369990134723	6.23798035346558e-07	1.28432436623221e-05
"TK0461"	994.921684066824	2.33472990106058	0.469207198043453	4.97590384545713	6.49438815888597e-07	1.32473491796535e-05
"TK0596"	238.656295892386	2.66579966351863	0.54442958377383	4.89650037942477	9.75584599419172e-07	1.93631911555263e-05
"TK1860"	90.7373304661428	3.00797150368634	0.61411546281495	4.89805531015057	9.67897931635487e-07	1.93631911555263e-05
"TK2130"	1295.51089313627	2.6500823898702	0.541220709054837	4.8964911089566	9.75630602933917e-07	1.93631911555263e-05
"TK2088"	710.554307547896	2.70444899550098	0.5571089514839	4.85443464567835	1.20730676517959e-06	2.3747292890095e-05
"TK0072"	2000.6478101301	-2.21558154430111	0.4595666909086	-4.82102290729715	1.42823953533977e-06	2.78443512951638e-05
"TK2057"	413.259934554043	2.53019011934709	0.528096364352049	4.79115231639876	1.65826176153517e-06	3.2045181233877e-05
"TK0864"	262.440886408886	2.74371369835387	0.572921396704919	4.78898800801291	1.67624496654183e-06	3.21110231416665e-05
"TK2090"	1075.98517729133	2.4368183476022	0.511824615481734	4.76104171994276	1.92596225061034e-06	3.65766796387465e-05
"TK1228"	2343.83223814469	-2.26540999468997	0.476283559023749	-4.75643123044903	1.97045320910286e-06	3.71017813645607e-05
"TK1660"	65.7588430055903	3.3372863415771	0.703107133609668	4.74648340494552	2.06983698033411e-06	3.86428039633563e-05
"TK1390"	570.401706758068	2.2842059612084	0.489060036311834	4.67060440765999	3.00314793617071e-06	5.55960916250763e-05
"TK1107"	1974.58296322711	2.42472144763154	0.522409737302379	4.64141702287619	3.46027974190455e-06	6.35249689284643e-05
"TK1809"	2979.27540117044	-2.00657760299545	0.438641407985317	-4.57452845642566	4.77293735987881e-06	8.68990165604381e-05
"TK0459"	993.685923827307	2.21943279040909	0.488084539615617	4.54723026498027	5.43565175480474e-06	9.81536132445478e-05
"TK0464"	1140.51771966815	2.63244258541763	0.5795895382581	4.54190838801055	5.57472674300513e-06	9.98465285759374e-05
"TK2162"	269.052103930975	2.55055944850821	0.562386405845465	4.53524377900605	5.75369891524968e-06	0.000102220957341089
"TK0854"	662.58326019394	2.10849694398024	0.468727823580893	4.49833962889629	6.84862289365304e-06	0.00011980224216476
"TK1583"	199.524165316276	2.64666477548357	0.588378762558391	4.49823301571139	6.85205742748968e-06	0.00011980224216476
"TK1011"	1070.85122002339	-2.57972328132999	0.57445712835247	-4.49071506646384	7.09844587918722e-06	0.000123132884030311
"TK2058"	404.231803990773	2.42935007707798	0.542559522112641	4.4775733870055	7.54962787320284e-06	0.000129936173473952
"TK0482"	412.600278345305	3.01929890882867	0.67482678543445	4.47418355939274	7.67038282897716e-06	0.000130991111412687
"TK2139"	136.474061663654	2.46375072985531	0.553161106706962	4.4539478643434	8.43055801011513e-06	0.000142865533048336
"TK1991"	252.903543699674	2.30180572092193	0.517246934302396	4.4501099344868	8.58263443913153e-06	0.000144332394422952
"TK0238"	274.409129849314	2.25907947255851	0.510462122627521	4.42555749470746	9.61935312484712e-06	0.000160541173742714
"TK1772"	311.224103251872	-2.09194567719828	0.484965258054306	-4.31359905159232	1.60618127725818e-05	0.000266046417578929
"TK1861"	87.7099157280977	2.59270786621522	0.603414768390503	4.29672590402582	1.73339309860854e-05	0.000284974999719002
"TK1134"	393.69386913536	2.00298193449465	0.4675333765156	4.28414747503661	1.83441211054671e-05	0.00029934887996551
"TK1950"	5533.25408992326	2.63108937561908	0.616868374717679	4.26523628614167	1.99690754417655e-05	0.000323469655869187
"TK0863"	237.827563514171	2.49204769286517	0.584845973309838	4.26103248819828	2.03484647356728e-05	0.000327209254107205
"TK1122"	102.476628953084	4.52825665068092	1.06402161779622	4.25579384379403	2.0830858256802e-05	0.000332538990867644
"TK1653"	399.04430644253	1.97235985108876	0.465068941277843	4.24100531346905	2.22520868311041e-05	0.000352671563229657
"TK2091"	3450.98531175592	2.06072271415406	0.487590608660745	4.22633799246914	2.37525138515106e-05	0.000373762771534841
"TK1990"	2581.25973816953	2.09637065751168	0.496581540220205	4.22160408254817	2.42569900959205e-05	0.000378993965824914
"TK1588"	53.8719897681333	3.06950345786367	0.727388269365563	4.21989683795826	2.44414135959459e-05	0.000379186155999076
"TK2107"	819.174401762921	-2.76346700096655	0.656282790170482	-4.21078693873519	2.54482669161281e-05	0.000392045678435175
"TK0869"	1034.59780615931	2.34210544062739	0.557278729962297	4.20275405233185	2.63687043342202e-05	0.000403404553113105
"TK0753"	84.1556388570765	3.25220415587679	0.778968130257137	4.17501567721806	2.97965533485973e-05	0.000452702117427309
"TK1145"	1603.1890603779	-2.58500764818658	0.623554308070282	-4.14560145721136	3.38922887314667e-05	0.000511402137502885
"TK1749"	249.338147127844	2.1399195033302	0.517233158325926	4.13724346338555	3.51503091197217e-05	0.000526776401297597
"TK0404"	182.292913247755	2.65582692913439	0.644876548266548	4.11834937442423	3.81595864464213e-05	0.000568010600955852
"TK0662"	745.796553600999	2.35924493180605	0.573416225440946	4.11436723819915	3.88242927553947e-05	0.000574026288188823
"TK0299"	1960.03274396147	2.1121194942922	0.51437853768423	4.10615789648051	4.0229454070612e-05	0.000590836582117055
"TK2059"	411.835694566662	2.11635734650212	0.518201807207594	4.08404084483305	4.42592460909834e-05	0.000645716020784348
"TK1685"	812.470462485076	1.93627413772952	0.475786380324727	4.06962918191985	4.70880247293102e-05	0.000682466568938621
"TK1589"	149.673754820831	2.16149064492895	0.534417818317082	4.04457069140327	5.24190902975076e-05	0.00075422894101377
"TK2018"	830.270240637774	1.96276322674521	0.485446645986321	4.04321101602693	5.27241293309671e-05	0.00075422894101377
"TK0306"	29558.9062974974	-1.88760636571513	0.467514852447955	-4.03753240315561	5.40163855928329e-05	0.000762808317057762
"TK1996"	107.03262579214	2.35795884321969	0.583970030744372	4.03780796801176	5.39529898491805e-05	0.000762808317057762
"TK0467"	7280.07765288096	2.14249520677016	0.53410084527727	4.01140575925867	6.03582704735872e-05	0.000846938024543392
"TK1739"	304.720579744269	2.66395655386747	0.66796008705325	3.98819720744049	6.65773093741689e-05	0.000928289952856292
"TK2278"	12815.202339785	-2.78379939195161	0.700147843551987	-3.97601651935233	7.00792594922833e-05	0.000970972381518869
"TK0376"	2398.07839671643	-1.76087343297337	0.443575061986267	-3.96973045573938	7.19539834964088e-05	0.000984562892189991
"TK0458"	402.416798032524	1.8989446695506	0.47821802607255	3.97087639114321	7.16087273392448e-05	0.000984562892189991
"TK1211"	441.602260379479	1.86188072196409	0.470124401077291	3.96040009345948	7.48242929678999e-05	0.00101751800869311
"TK1584"	35.1833696267941	3.22263480745319	0.815567660034333	3.95140092646332	7.76950361711395e-05	0.00105007462996945
"TK1023"	1172.88664500469	2.61476992135591	0.661996898164759	3.94982201367527	7.82093284451208e-05	0.00105058018636952
"TK1012"	1500.63548887247	-2.16782064578463	0.554768369648507	-3.90761399601447	9.32120662895496e-05	0.00124452231536896
"TK1994"	239.253045227024	2.12282429085907	0.543663332451063	3.9046670322394	9.43552048916824e-05	0.0012521958817854
"TK0428"	669.183666789444	1.90340969643506	0.489310210981425	3.88998564452053	0.000100250152285022	0.00132246158972397
"TK0301"	131.412557768998	2.54256550222083	0.658885190002512	3.85889004761381	0.000113903165608025	0.00149362305853856
"TK0321"	173.330982684005	1.95124125126721	0.514958299341477	3.78912477721484	0.000151178969789824	0.00197069390797032
"TK2225"	3700.12993615858	1.99485922594222	0.534994330725714	3.72874834624176	0.000192433204219272	0.0024937079346768
"TK1282"	2347.16483361653	1.79726336528997	0.482762138881957	3.7228755541027	0.000196966618125569	0.00253752900427268
"TK1568"	920.160798314964	2.42815436149274	0.652965994355909	3.71865362435588	0.000200287469575355	0.00256530985740993
"TK2092"	3021.33969649197	1.80629031154589	0.486664495553348	3.7115719927177	0.000205976065326641	0.00262292064690515
"TK1939"	424.850975030668	1.99687840250552	0.5444892470314	3.66743404648057	0.000244996716022763	0.00310188370918476
"TK2282"	354.002923676566	1.95055605363845	0.53599834151607	3.63910837507689	0.000273583653087742	0.00344402735858455
"TK0374"	444.918423670693	2.83489918439784	0.785544080445172	3.60883527095168	0.000307574828889698	0.00384992811388639
"TK2108"	11437.1102680362	-2.02359492676061	0.562818841681047	-3.59546407635619	0.000323813812319122	0.00403029281660466
"TK1452"	324.863673426791	1.98542119936327	0.561222249559397	3.53767371290426	0.000403668554983448	0.00497061024684141
"TK1937"	38.9272987995355	2.9786175532163	0.842003002970962	3.53753792172523	0.000403876184377945	0.00497061024684141
"TK0942"	1582.95825247082	1.68400374143009	0.47727371085649	3.52838152013039	0.000418109068963559	0.00511719043848178
"TK1201"	371.550959462532	1.67694446529354	0.47619496566596	3.52155017629875	0.000429031465785784	0.00516478862910427
"TK1773"	790.707143758464	-1.5829426876244	0.449499228331497	-3.52156931058624	0.000429000503982413	0.00516478862910427
"TK2008"	880.048776205394	1.60975666688074	0.457054146739124	3.52202617209718	0.000428261861021915	0.00516478862910427
"TK0941"	1464.24352489348	1.56509152974636	0.445018691591908	3.51691189452686	0.000436598676860289	0.00522732002784357
"TK0982"	2611.94366653745	1.67498170210541	0.477323941849026	3.50910892007005	0.000449610737108282	0.0053540132640516
"TK2209"	480.453496077071	1.60073461319345	0.457556785906201	3.49843923748866	0.000467989711827097	0.00554291040405965
"TK1308"	4293.33895245176	1.61875950053353	0.463182668254564	3.49486198746077	0.000474306946218167	0.00558769092255948
"TK2079"	2914.99394081781	1.49180048096033	0.428631788323361	3.48037761453874	0.000500707524383129	0.00586733338412784
"TK0678"	29239.0476428399	-1.93914151164832	0.558615233681457	-3.47133661011845	0.000517874381477444	0.00603638763171857
"TK1771"	5584.95086971735	-1.5797907454473	0.455393968486577	-3.46906383213079	0.000522275348884566	0.00605564522943526
"TK1066"	730.401911816698	-2.12232379522169	0.615698194353645	-3.44701968380741	0.000566807283814081	0.00653757301697603
"TK1995"	317.639591038061	1.9085537999568	0.554322912557428	3.44303610173983	0.0005752225204919	0.00660007923251904
"TK1144"	1363.85341972005	-2.25823141179125	0.657927125169177	-3.43234277080547	0.000598390738036282	0.00683033573002035
"TK1743"	641.617674319801	-1.54797611990174	0.452750912586602	-3.41904583042811	0.000628411411311152	0.00713603267586839
"TK0977"	498.777247818467	-1.63465850421353	0.478791474026806	-3.41413453014414	0.000639849731671147	0.00722866132754634
"TK1136"	853.451503294873	-1.49571796405301	0.439965698962021	-3.39962403337748	0.000674785670338268	0.00758445322324084
"TK0011"	567.613165876027	-1.63313154624162	0.483118979403875	-3.38039202735681	0.000723825080489575	0.00809434848892657
"TK0455"	387.091417091255	1.70885724367906	0.506605159378109	3.37315404718102	0.000743123645610447	0.00826818884484755
"TK0115"	397.625402847512	-1.95325011873871	0.581153325205056	-3.3609893190399	0.000776638288058193	0.00859765903815176
"TK1065"	63.241053832662	-2.21064533625621	0.662779185009795	-3.33541756629478	0.000851714014295443	0.00938162986746431
"TK2303"	4960.61795348929	2.5730063333738	0.772887815160874	3.32908124944141	0.00087132981563656	0.00954994817834498
"TK0131"	6944.28906460849	-1.48929838850213	0.448202892724394	-3.32282190203962	0.000891117887812663	0.0097184787467886
"TK1324"	1495.33208508755	-1.6771907901761	0.512798571227683	-3.2706619797336	0.00107296075248969	0.0116440026489398
"TK1258"	573.584917718658	-1.5826006966661	0.484273441322244	-3.2679898619776	0.00108314245405905	0.011696876599471
"TK0989"	3528.63572358117	-1.47128048077259	0.451044824689054	-3.26193850419828	0.00110653145297793	0.0118911648337092
"TK1323"	1574.45376067226	-1.57034766630643	0.481924101189139	-3.25849581382551	0.00112004528790867	0.011920095503685
"TK1341"	202.525053181583	-2.0868988375432	0.640204461817286	-3.25973803996823	0.00111515159105908	0.011920095503685
"TK1097"	535.328578512347	2.59692695973602	0.798166133268135	3.25361707480967	0.00113945761832857	0.0120106465702289
"TK1587"	31.0943761893797	2.92114771379024	0.897442368050172	3.25496969809534	0.00113404464891966	0.0120106465702289
"TK2093"	2477.64137166729	1.61728401503292	0.497442613620911	3.2511971647556	0.00114920131517556	0.0120556690349132
"TK0300"	108.985749227817	1.90876310968987	0.588819762682516	3.24167636798401	0.00118828881255923	0.0124066362752037
"TK1753"	1856.68047998585	1.43260545845663	0.443441132141166	3.23065533307489	0.0012350677418211	0.0128342180907165
"TK0090"	552.716554470766	1.54137388373726	0.484666755645947	3.18027565493525	0.00147135017588207	0.0152177673120573
"TK2281"	378.588682222619	1.69434020571089	0.535177015357023	3.16594352352852	0.00154580803202042	0.0159131546473878
"TK0010"	252.143646772818	-1.87493229446567	0.593003074937882	-3.16175813196596	0.00156819759104972	0.0160685548515467
"TK0327"	822.409846220947	1.39756385763498	0.442222232750567	3.1603202058438	0.00157595836658972	0.0160733161185054
"TK1402"	681.990876433571	1.54143885918905	0.491643190240047	3.13527958850898	0.00171690393296168	0.017430135319422
"TK2151"	916.723869296122	1.71543364903143	0.54818603417528	3.12929104735808	0.00175228650102343	0.0177077392741037
"TK1085"	12744.8016585643	-1.6776913804493	0.53659954304402	-3.12652405727388	0.00176886031564951	0.0177936039971501
"TK0856"	167.926466742429	1.62356826144204	0.519721359992528	3.12392059750128	0.00178458607902442	0.017859813561395
"TK1407"	1236.93679762878	-1.82096185450983	0.583126345013334	-3.12275696353282	0.00179165628555074	0.017859813561395
"TK1871"	360.891157249379	1.71393268061539	0.549743596842258	3.11769466795115	0.00182271528911931	0.0180875755942786
"TK0288"	599.966470133263	-1.8783553338161	0.603009561873476	-3.11496774276728	0.00183965026738568	0.0181737647491061
"TK0974"	4468.58815984356	-1.48052764208031	0.47577246829307	-3.11183967284194	0.00185925443787733	0.0182854353868025
"TK0322"	77.0692665021578	2.03538889126524	0.65652334414542	3.10025364583899	0.00193354984770482	0.0188478332499722
"TK0647"	3268.95926470541	1.63441707331458	0.527168191943858	3.10037118758607	0.00193278261591763	0.0188478332499722
"TK1684"	3171.38230924896	1.48254280794149	0.482984234541061	3.06954699950036	0.0021438367094269	0.0208056047174778
"TK0595"	118.764629590903	1.73361761044593	0.5659126917341	3.06340118496669	0.00218836464503143	0.0211445934780888
"TK1160"	44.7490099286375	2.40431190070331	0.786730098651479	3.05608226356726	0.00224249720471835	0.0214792232260632
"TK1796"	2076.15349584983	1.61198157112764	0.527416000724541	3.05637593268533	0.0022403017389657	0.0214792232260632
"TK2104"	3819.01158710025	1.54036338614434	0.504360884139018	3.05408970954173	0.00225744565086983	0.0215287998652218
"TK0112"	7193.32538360521	-1.44972314307799	0.478179402733888	-3.03175572764011	0.00243135872678071	0.0230874279099047
"TK2204"	1962.85458504377	1.69343361100587	0.559636233999592	3.02595419689553	0.00247849844889051	0.0234340432742738
"TK1086"	1975.33938213764	-1.32787400377978	0.439554582845446	-3.0209536098653	0.00251979962461441	0.0237227289445536
"TK0198"	42.9876903265417	2.2044366658403	0.731839320737492	3.01218669641696	0.00259373023240256	0.0243148412850334
"TK1306"	546.370707395207	1.49376583070814	0.497435638284562	3.00293287360649	0.0026739140280559	0.0249603076432506
"TK1896"	266.406200015705	2.23473626876372	0.749800522098112	2.98044106785952	0.00287833615014203	0.0267551668302231
"TK1949"	1899.0414964321	1.74274537699355	0.58806775885556	2.96351117834637	0.0030415101469818	0.0280353424845226
"TK2007"	3413.58371617907	1.37126869974193	0.462671543182551	2.96380600870645	0.00303859776095298	0.0280353424845226
"TK1558"	242.411179631333	1.61551176744316	0.545698500408332	2.96044751128016	0.00307192462461378	0.0281977081167674
"TK1934"	892.627427911999	-1.36391960342365	0.462390892055066	-2.94971122238545	0.00318071071933456	0.0290751274468632
"TK0009"	984.131469171385	-1.68163467198271	0.572961169703514	-2.93498889785654	0.00333559622312537	0.0303649523948148
"TK1547"	486.104296664828	-1.54065551276135	0.529118113094981	-2.91174215100965	0.00359419197489886	0.0325843823897209
"TK0365"	611.741289867559	1.6230635170014	0.560277977740168	2.89688972525368	0.00376882205901918	0.0340275204754888
"TK0289"	2668.28525840463	1.43341054513839	0.495763430091429	2.89131964589248	0.00383627713246064	0.0344951776441257
"TK0111"	1142.00388284993	-1.35077716274058	0.468611092339846	-2.88251214028235	0.00394517933043175	0.0353302035160209
"TK1993"	2319.850110048	1.44564172951166	0.503331366322094	2.87214711070988	0.00407693131124638	0.0363622659055699
"TK0018"	500.777519620695	1.70998623184777	0.596897998242835	2.86478801550964	0.0041728848541905	0.0370680053781519
"TK2286"	2607.92906582665	-1.24266036977995	0.434450209842716	-2.86030560378789	0.00423232941116939	0.0374450670393822
"TK1143"	850.075301765182	-2.02209462389581	0.708548920522682	-2.85385322781121	0.0043192481277048	0.0380612145013347
"TK0223"	52.4872684028486	1.98749006431692	0.697712189645753	2.84858154094458	0.0043914598430549	0.0385433706543823
"TK1888"	891.832355322946	1.24954677220027	0.439289920962779	2.84446947806513	0.00444854476467565	0.0388894607800811
"TK1009"	165.106190172853	2.08255765563295	0.73248419679609	2.84314346267418	0.00446709579487491	0.0388972807751361
"TK0020"	741.340566245587	1.29791958745582	0.457101334293928	2.83945700893804	0.00451903840019855	0.0391094054352698
"TK0483"	73.1824110029269	1.90539236135643	0.671173237269891	2.83889800062191	0.0045269624993163	0.0391094054352698
"TK0200"	1014.68604196316	1.29014484866397	0.455763494384396	2.83073318631317	0.00464414443463329	0.0399650398027232
"TK1403"	2631.34916932699	-1.22935572241677	0.438009925221349	-2.80668462431648	0.00500542199555402	0.0429063994404884
"TK0937"	1348.51477229861	-1.57546921723294	0.562768195791846	-2.79949938360707	0.00511819142724629	0.0437030066442774
"TK1436"	1084.15778790704	-1.27411126980744	0.456277470303644	-2.7924045185916	0.00523179055789546	0.0445005196874274
"TK0860"	124.781088259719	1.56256120831978	0.560988790944442	2.78536974988245	0.00534667157873175	0.0453027595690232
"TK0167"	1585.10659025723	2.19017794060451	0.788879027235195	2.77631660240796	0.00549786425403504	0.0463315148021952
"TK1106"	116.70034585628	1.53228896979034	0.552058639906307	2.77559095905174	0.00551014837865417	0.0463315148021952
"TK1158"	2393.97926498811	1.28385412086993	0.463428397945073	2.77033976891096	0.00559978445722509	0.0469061793128018
